Prediction Probabilities
List 1: Prob(<= 0.5)
List 2: Prob(>0.5)

[0.6666666666666666, 0.75, 0.8, 0.8333333333333334, 0.8571428571428571, 0.875, 0.8888888888888888, 0.9, 0.9090909090909091, 0.9166666666666666, 0.9230769230769231, 0.9285714285714286, 0.9333333333333333, 0.9375, 0.9411764705882353, 0.9444444444444444, 0.9473684210526315, 0.95, 0.9523809523809523, 0.9545454545454546, 0.9565217391304348, 0.9583333333333334, 0.96, 0.9615384615384616, 0.9629629629629629, 0.9642857142857143, 0.9655172413793104, 0.9666666666666667, 0.967741935483871, 0.96875, 0.9696969696969697, 0.9705882352941176, 0.9714285714285714, 0.9722222222222222, 0.972972972972973, 0.9736842105263158, 0.9743589743589743, 0.975, 0.975609756097561, 0.9761904761904762, 0.9767441860465116, 0.9772727272727273, 0.9777777777777777, 0.9782608695652174, 0.9787234042553191, 0.9791666666666666, 0.9795918367346939, 0.98, 0.9803921568627451, 0.9807692307692307, 0.9811320754716981, 0.9814814814814815, 0.9818181818181818, 0.9821428571428571, 0.9824561403508771, 0.9827586206896551, 0.9830508474576272, 0.9833333333333333, 0.9836065573770492, 0.9838709677419355, 0.9841269841269841, 0.984375, 0.9846153846153847, 0.9848484848484849, 0.9850746268656716, 0.9852941176470589, 0.9855072463768116, 0.9857142857142858, 0.9859154929577465, 0.9861111111111112, 0.9863013698630136, 0.9864864864864865, 0.9866666666666667, 0.9868421052631579, 0.987012987012987, 0.9871794871794872, 0.9873417721518988, 0.9875, 0.9876543209876543, 0.9878048780487805, 0.9879518072289156, 0.9880952380952381, 0.9882352941176471, 0.9883720930232558, 0.9885057471264368, 0.9886363636363636, 0.9887640449438202, 0.9888888888888889, 0.989010989010989, 0.9891304347826086, 0.989247311827957, 0.9893617021276596, 0.9894736842105263, 0.9895833333333334, 0.9896907216494846, 0.9897959183673469, 0.98989898989899, 0.99, 0.9900990099009901]
[0.3333333333333333, 0.25, 0.2, 0.16666666666666666, 0.14285714285714285, 0.125, 0.1111111111111111, 0.1, 0.09090909090909091, 0.08333333333333333, 0.07692307692307693, 0.07142857142857142, 0.06666666666666667, 0.0625, 0.058823529411764705, 0.05555555555555555, 0.05263157894736842, 0.05, 0.047619047619047616, 0.045454545454545456, 0.043478260869565216, 0.041666666666666664, 0.04, 0.038461538461538464, 0.037037037037037035, 0.03571428571428571, 0.034482758620689655, 0.03333333333333333, 0.03225806451612903, 0.03125, 0.030303030303030304, 0.029411764705882353, 0.02857142857142857, 0.027777777777777776, 0.02702702702702703, 0.02631578947368421, 0.02564102564102564, 0.025, 0.024390243902439025, 0.023809523809523808, 0.023255813953488372, 0.022727272727272728, 0.022222222222222223, 0.021739130434782608, 0.02127659574468085, 0.020833333333333332, 0.02040816326530612, 0.02, 0.0196078431372549, 0.019230769230769232, 0.018867924528301886, 0.018518518518518517, 0.01818181818181818, 0.017857142857142856, 0.017543859649122806, 0.017241379310344827, 0.01694915254237288, 0.016666666666666666, 0.01639344262295082, 0.016129032258064516, 0.015873015873015872, 0.015625, 0.015384615384615385, 0.015151515151515152, 0.014925373134328358, 0.014705882352941176, 0.014492753623188406, 0.014285714285714285, 0.014084507042253521, 0.013888888888888888, 0.0136986301369863, 0.013513513513513514, 0.013333333333333334, 0.013157894736842105, 0.012987012987012988, 0.01282051282051282, 0.012658227848101266, 0.0125, 0.012345679012345678, 0.012195121951219513, 0.012048192771084338, 0.011904761904761904, 0.011764705882352941, 0.011627906976744186, 0.011494252873563218, 0.011363636363636364, 0.011235955056179775, 0.011111111111111112, 0.01098901098901099, 0.010869565217391304, 0.010752688172043012, 0.010638297872340425, 0.010526315789473684, 0.010416666666666666, 0.010309278350515464, 0.01020408163265306, 0.010101010101010102, 0.01, 0.009900990099009901]


Output Probabilities 
List 1: Prob(<= 0.5)
List 2: Prob(>0.5)

[0.6666666666666666, 0.75, 0.6, 0.5, 0.5714285714285714, 0.625, 0.5555555555555556, 0.5, 0.5454545454545454, 0.5833333333333334, 0.5384615384615384, 0.5, 0.5333333333333333, 0.5625, 0.5294117647058824, 0.5, 0.5263157894736842, 0.55, 0.5238095238095238, 0.5, 0.5217391304347826, 0.5416666666666666, 0.52, 0.5, 0.5185185185185185, 0.5357142857142857, 0.5172413793103449, 0.5, 0.5161290322580645, 0.53125, 0.5151515151515151, 0.5, 0.5142857142857142, 0.5277777777777778, 0.5135135135135135, 0.5, 0.5128205128205128, 0.525, 0.5121951219512195, 0.5, 0.5116279069767442, 0.5227272727272727, 0.5111111111111111, 0.5, 0.5106382978723404, 0.5208333333333334, 0.5102040816326531, 0.5, 0.5098039215686274, 0.5192307692307693, 0.5094339622641509, 0.5, 0.509090909090909, 0.5178571428571429, 0.5087719298245614, 0.5, 0.5084745762711864, 0.5166666666666667, 0.5081967213114754, 0.5, 0.5079365079365079, 0.515625, 0.5076923076923077, 0.5, 0.5074626865671642, 0.5147058823529411, 0.5072463768115942, 0.5, 0.5070422535211268, 0.5138888888888888, 0.5068493150684932, 0.5, 0.5066666666666667, 0.5131578947368421, 0.5064935064935064, 0.5, 0.5063291139240507, 0.5125, 0.5061728395061729, 0.5, 0.5060240963855421, 0.5119047619047619, 0.5058823529411764, 0.5, 0.5057471264367817, 0.5113636363636364, 0.5056179775280899, 0.5, 0.5054945054945055, 0.5108695652173914, 0.5053763440860215, 0.5, 0.5052631578947369, 0.5104166666666666, 0.5051546391752577, 0.5, 0.5050505050505051, 0.51, 0.504950495049505]
[0.3333333333333333, 0.25, 0.4, 0.5, 0.42857142857142855, 0.375, 0.4444444444444444, 0.5, 0.45454545454545453, 0.4166666666666667, 0.46153846153846156, 0.5, 0.4666666666666667, 0.4375, 0.47058823529411764, 0.5, 0.47368421052631576, 0.45, 0.47619047619047616, 0.5, 0.4782608695652174, 0.4583333333333333, 0.48, 0.5, 0.48148148148148145, 0.4642857142857143, 0.4827586206896552, 0.5, 0.4838709677419355, 0.46875, 0.48484848484848486, 0.5, 0.4857142857142857, 0.4722222222222222, 0.4864864864864865, 0.5, 0.48717948717948717, 0.475, 0.4878048780487805, 0.5, 0.4883720930232558, 0.4772727272727273, 0.4888888888888889, 0.5, 0.48936170212765956, 0.4791666666666667, 0.4897959183673469, 0.5, 0.49019607843137253, 0.4807692307692308, 0.49056603773584906, 0.5, 0.4909090909090909, 0.48214285714285715, 0.49122807017543857, 0.5, 0.4915254237288136, 0.48333333333333334, 0.4918032786885246, 0.5, 0.49206349206349204, 0.484375, 0.49230769230769234, 0.5, 0.4925373134328358, 0.4852941176470588, 0.4927536231884058, 0.5, 0.49295774647887325, 0.4861111111111111, 0.4931506849315068, 0.5, 0.49333333333333335, 0.4868421052631579, 0.4935064935064935, 0.5, 0.4936708860759494, 0.4875, 0.49382716049382713, 0.5, 0.4939759036144578, 0.4880952380952381, 0.49411764705882355, 0.5, 0.4942528735632184, 0.48863636363636365, 0.4943820224719101, 0.5, 0.4945054945054945, 0.4891304347826087, 0.4946236559139785, 0.5, 0.49473684210526314, 0.4895833333333333, 0.4948453608247423, 0.5, 0.494949494949495, 0.49, 0.49504950495049505]

